numObs1 <- 44
numObs2 <- 36
numObs3 <- 37
numObs4 <- 45
n_solve <- 33
n_shards <- 11
solve_time <- 
c(66, 75, 78, 87, 90, 91, 92, 98, 101, 102, 112, 116, 122, 133,
137, 149, 155, 174, 177, 192, 202, 207, 235, 266, 273, 282, 302, 305, 319, 330,
347, 382, 442)
dpBMT <- 
c(21, 21, 33, 33, 11, 21, 47, 26, 47, 26, 40, 40, 56, 82, 61, 82, 89,
56, 89, 152, 56, 89, 89, 201, 152, 224, 224, 224, 201, 264, 201, 264, 264)
ageAtBMT <- 
c(45, 54, 45, 54, 79, 70, 45, 72, 54, 76, 72, 76, 66, 51, 76, 67,
66, 118, 88, 40, 146, 118, 146, 65, 121, 58, 78, 81, 118, 66, 146, 118, 178)
time_index_counts <- 
c(1, 2, 3, 4, 5, 5, 5, 6, 7, 8, 9, 10, 10, 11, 11, 12,
12, 13, 14, 14, 15, 15, 15, 16, 17, 18, 19, 20, 20, 21, 22, 23, 24, 24, 25, 26,
27, 28, 29, 30, 30, 31, 32, 33)
time_index_chi <- 
c(1, 2, 6, 7, 8, 9, 10, 11, 11, 12, 12, 13, 14, 14, 15, 15,
15, 16, 17, 18, 19, 20, 20, 21, 22, 24, 24, 25, 26, 28, 29, 30, 30, 31, 32, 33)
time_index_donorki <- 
c(3, 4, 6, 7, 8, 9, 10, 10, 11, 11, 12, 12, 13, 14, 14,
15, 15, 15, 16, 17, 18, 19, 20, 20, 21, 22, 24, 24, 25, 26, 28, 29, 30, 30, 31,
32, 33)
time_index_hostki <- 
c(1, 2, 3, 4, 5, 5, 5, 6, 7, 8, 8, 9, 10, 10, 11, 11, 12,
12, 13, 14, 14, 15, 15, 15, 16, 17, 18, 19, 20, 20, 21, 22, 23, 24, 24, 25, 26,
27, 28, 29, 30, 30, 31, 32, 33)
counts_per <- 
c(1195568, 1598298, 1667121, 1324762, 837315, 1090185, 900410,
1777946, 2013021, 877453, 2024074, 1181283, 1867095, 1222819, 1235283, 1267426,
2064284, 1532983, 1585965, 1225419, 1904831, 1957207, 2318103, 846171, 913756,
1334425, 1102429, 862501, 1202613, 946978, 596770, 1421436, 669470, 381998,
684431, 1132984, 1175511, 1333519, 892078, 1144609, 721225, 556647, 869204,
414596)
Nfd_per <- 
c(0.0067, 0.0015, 0.0037, 0.3796, 0.0393, 0.3924, 0.0392, 0.2316,
0.1984, 0.2666, 0.3443, 0.3476, 0.62, 0.579, 0.362, 0.518, 0.5321, 0.6133,
0.6459, 0.3852, 0.6291, 0.7286, 0.6655, 0.617, 0.5918, 0.6049, 0.7008, 0.7145,
0.8023, 0.8017, 0.6936, 0.7027, 0.7464, 0.8172, 0.6897, 0.6655)
ki_donor_per <- 
c(0.0682, 0.0791, 0.1174, 0.085, 0.0651, 0.0813, 0.0615,
0.0583, 0.0809, 0.0834, 0.0903, 0.1026, 0.0834, 0.081, 0.0747, 0.0962, 0.1229,
0.1052, 0.0787, 0.0615, 0.0878, 0.0729, 0.0746, 0.0952, 0.0998, 0.0651, 0.0936,
0.1079, 0.1221, 0.1427, 0.1222, 0.1002, 0.084, 0.0915, 0.1392, 0.1126, 0.1192)
ki_host_per <- 
c(0.1463, 0.1281, 0.1145, 0.1336, 0.1006, 0.0804, 0.0948,
0.1215, 0.1281, 0.1245, 0.1011, 0.128, 0.108, 0.121, 0.1071, 0.113, 0.1052,
0.1268, 0.0973, 0.1254, 0.1447, 0.1078, 0.1416, 0.1113, 0.1448, 0.0868, 0.1048,
0.0983, 0.1088, 0.0974, 0.1383, 0.0834, 0.0681, 0.1113, 0.144, 0.1489, 0.1785,
0.1123, 0.1516, 0.1394, 0.104, 0.1339, 0.1947, 0.1381, 0.1214)
counts_thy <- 
c(153639, 89375, 72397, 79910, 16902, 31331, 43268, 157079,
82896, 22877, 85757, 41404, 111118, 29405, 25708, 34344, 77421, 45646, 28693,
9677, 48637, 51131, 64968, 12237, 25412, 47539, 32710, 17759, 23223, 46828,
16284, 27801, 21147, 12407, 14459, 48362, 64200, 41054, 15512, 26943, 23565,
20430, 28981, 18612)
Nfd_thy <- 
c(0.0067, 0.0015, 0.0037, 0.3796, 0.0393, 0.3924, 0.0392, 0.2316,
0.1984, 0.2666, 0.3443, 0.3476, 0.62, 0.579, 0.362, 0.518, 0.5321, 0.6133,
0.6459, 0.3852, 0.6291, 0.7286, 0.6655, 0.617, 0.5918, 0.6049, 0.7008, 0.7145,
0.8023, 0.8017, 0.6936, 0.7027, 0.7464, 0.8172, 0.6897, 0.6655)
ki_donor_thy <- 
c(0.0986, 0.0694, 0.04, 0.126, 0.0577, 0.0824, 0.0563, 0.069,
0.0702, 0.0886, 0.101, 0.0952, 0.0725, 0.135, 0.0938, 0.0797, 0.0806, 0.117,
0.0786, 0.0584, 0.0623, 0.0673, 0.115, 0.133, 0.0672, 0.0618, 0.0649, 0.0885,
0.113, 0.175, 0.0847, 0.127, 0.0776, 0.114, 0.108, 0.123, 0.0986)
ki_host_thy <- 
c(0.13, 0.159, 0.239, 0.26, 0.141, 0.118, 0.115, 0.132, 0.236,
0.119, 0.101, 0.186, 0.122, 0.153, 0.171, 0.193, 0.119, 0.275, 0.159, 0.175,
0.202, 0.144, 0.209, 0.202, 0.162, 0.11, 0.104, 0.209, 0.108, 0.108, 0.311,
0.197, 0.0941, 0.195, 0.136, 0.129, 0.198, 0.105, 0.123, 0.139, 0.105, 0.154,
0.17, 0.171, 0.0921)
ts_pred1 <- 
c(45, 45.2250574713278, 45.4512405174422, 45.6785547676548,
45.9070058794307, 46.1365995385297, 46.3673414591475, 46.5992373840584,
46.8322930847575, 47.066514361605, 47.3019070439702, 47.5384769903768,
47.7762300886485, 48.0151722560558, 48.2553094394628, 48.4966476154757,
48.7391927905916, 48.9829510013473, 49.2279283144703, 49.4741308270294,
49.7215646665866, 49.9702359913493, 50.2201509903241, 50.4713158834703,
50.7237369218552, 50.9774203878092, 51.2323725950823, 51.4885998890017,
51.746108646629, 52.0049052769192, 52.2649962208807, 52.5263879517346,
52.7890869750768, 53.0530998290393, 53.3184330844532, 53.585093345012,
53.8530872474362, 54.1224214616385, 54.3931026908894, 54.6651376719846,
54.9385331754122, 55.2132960055215, 55.489433000692, 55.7669510335042,
56.04585701091, 56.3261578744049, 56.607860600201, 56.8909721994,
57.1754997181684, 57.4614502379122, 57.7488308754538, 58.0376487832086,
58.3279111493632, 58.6196251980545, 58.9127981895491, 59.2074374204242,
59.5035502237495, 59.8011439692691, 60.1002260635854, 60.4008039503431,
60.7028851104149, 61.0064770620871, 61.3115873612473, 61.6182236015721,
61.9263934147161, 62.236104470502, 62.5473644771113, 62.8601811812766,
63.1745623684736, 63.4905158631155, 63.8080495287477, 64.1271712682432,
64.4478890239995, 64.7702107781363, 65.0941445526939, 65.4196984098333,
65.7468804520365, 66.0756988223082, 66.4061617043785, 66.7382773229068,
67.072053943686, 67.4074998738488, 67.744623462074, 68.0834330987946,
68.4239372164064, 68.7661442894778, 69.1100628349611, 69.4557014124043,
69.8030686241637, 70.1521731156186, 70.5030235753864, 70.8556287355384,
71.2099973718175, 71.5661383038566, 71.9240603953979, 72.2837725545137,
72.6452837338283, 73.0086029307399, 73.3737391876458, 73.7407015921666,
74.1094992773725, 74.4801414220111, 74.8526372507349, 75.2269960343319,
75.6032270899558, 75.9813397813576, 76.3613435191196, 76.7432477608886,
77.1270620116118, 77.5127958237735, 77.9004587976323, 78.2900605814605,
78.6816108717841, 79.0751194136241, 79.470596000739, 79.8680504758687,
80.2674927309794, 80.6689327075094, 81.0723803966175, 81.4778458394305,
81.885339127294, 82.294870402023, 82.7064498561547, 83.1200877332019,
83.5357943279081, 83.9535799865036, 84.373455106963, 84.7954301392644,
85.2195155856487, 85.6457220008817, 86.0740599925163, 86.504540221157,
86.9371734007247, 87.3719702987236, 87.8089417365093, 88.2480985895579,
88.6894517877368, 89.1330123155767, 89.5787912125449, 90.0267995733203,
90.4770485480693, 90.9295493427233, 91.3843132192577, 91.8413514959722,
92.3006755477724, 92.762296806453, 93.2262267609822, 93.6924769577879,
94.1610590010447, 94.631984552963, 95.1052653340789, 95.5809131235466,
96.0589397594307, 96.5393571390015, 97.0221772190307, 97.5074120160891,
97.995073606846, 98.4851741283689, 98.9777257784269, 99.4727408157928,
99.9702315605494, 100.470210394395, 100.972689760954, 101.477682166082,
101.985200178182, 102.495256428514, 103.007863611512, 103.523034485096,
104.040781870994, 104.561118655057, 105.084057787584, 105.60961228364,
106.137795223384, 106.66861975239, 107.202099081979, 107.738246489544,
108.277075318882, 108.818598980527, 109.362830952083, 109.909784778557,
110.4594740727, 111.011912515344, 111.567113855743, 112.125091911915,
112.685860570983, 113.249433789528, 113.815825593927, 114.385050080711,
114.957121416908, 115.532053840401, 116.109861660282, 116.690559257204,
117.274161083742, 117.860681664756, 118.450135597743, 119.042537553211,
119.637902275037, 120.236244580837, 120.837579362332, 121.441921585725,
122.049286292064, 122.659688597625, 123.273143694284, 123.889666849894,
124.509273408669, 125.131978791563, 125.757798496653, 126.386748099529,
127.018843253676, 127.654099690868, 128.292533221558, 128.934159735271,
129.578995201, 130.227055667603, 130.878357264203, 131.53291620059,
132.190748767623, 132.851871337635, 133.516300364844, 134.184052385759,
134.855144019591, 135.529591968671, 136.207413018861, 136.888624039975,
137.573241986197, 138.261283896503, 138.952766895087, 139.647708191785,
