numObs1 <- 44
numObs2 <- 38
numObs3 <- 39
numObs4 <- 45
n_solve <- 33
n_shards <- 11
solve_time <- 
c(66, 75, 78, 87, 90, 91, 92, 98, 101, 102, 112, 116,
122, 133, 137, 149, 155, 174, 177, 192, 202, 207, 235, 266, 273, 282,
302, 305, 319, 330, 347, 382, 442)
dpBMT <- 
c(21, 21, 33, 33, 11, 21, 47, 26, 47, 26, 40, 40, 56, 82, 61,
82, 89, 56, 89, 152, 56, 89, 89, 201, 152, 224, 224, 224, 201, 264,
201, 264, 264)
ageAtBMT <- 
c(45, 54, 45, 54, 79, 70, 45, 72, 54, 76, 72, 76, 66, 51,
76, 67, 66, 118, 88, 40, 146, 118, 146, 65, 121, 58, 78, 81, 118, 66,
146, 118, 178)
time_index_counts <- 
c(1, 2, 3, 4, 5, 5, 5, 6, 7, 8, 9, 10, 10, 11,
11, 12, 12, 13, 14, 14, 15, 15, 15, 16, 17, 18, 19, 20, 20, 21, 22, 23,
24, 24, 25, 26, 27, 28, 29, 30, 30, 31, 32, 33)
time_index_chi <- 
c(1, 2, 5, 5, 6, 7, 8, 9, 10, 11, 11, 12, 12, 13,
14, 14, 15, 15, 15, 16, 17, 18, 19, 20, 20, 21, 22, 24, 24, 25, 26, 28,
29, 30, 30, 31, 32, 33)
time_index_donorki <- 
c(1, 2, 3, 4, 6, 7, 8, 9, 10, 10, 11, 11, 12,
12, 13, 14, 14, 15, 15, 15, 16, 17, 18, 19, 20, 20, 21, 22, 24, 24, 25,
26, 28, 29, 30, 30, 31, 32, 33)
time_index_hostki <- 
c(1, 2, 3, 4, 5, 5, 5, 6, 7, 8, 8, 9, 10, 10, 11,
11, 12, 12, 13, 14, 14, 15, 15, 15, 16, 17, 18, 19, 20, 20, 21, 22, 23,
24, 24, 25, 26, 27, 28, 29, 30, 30, 31, 32, 33)
counts_per <- 
c(1195568, 1598298, 1667121, 1324762, 837315, 1090185,
900410, 1777946, 2013021, 877453, 2024074, 1181283, 1867095, 1222819,
1235283, 1267426, 2064284, 1532983, 1585965, 1225419, 1904831, 1957207,
2318103, 846171, 913756, 1334425, 1102429, 862501, 1202613, 946978,
596770, 1421436, 669470, 381998, 684431, 1132984, 1175511, 1333519,
892078, 1144609, 721225, 556647, 869204, 414596)
Nfd_per <- 
c(0.0095, 0.0028, 1e-04, 1e-04, 0.007, 0.3877, 0.0432,
0.398, 0.0451, 0.2407, 0.2089, 0.2736, 0.3595, 0.3839, 0.632, 0.5856,
0.3708, 0.5411, 0.5459, 0.6314, 0.6486, 0.4166, 0.6424, 0.7637, 0.675,
0.6156, 0.6045, 0.6451, 0.7057, 0.734, 0.8158, 0.8147, 0.7179, 0.7376,
0.7923, 0.8112, 0.7392, 0.6588)
ki_donor_per <- 
c(0.1174, 0.0875, 0.0682, 0.0791, 0.1174, 0.085,
0.0651, 0.0813, 0.0615, 0.0583, 0.0809, 0.0834, 0.0903, 0.1026, 0.0834,
0.081, 0.0747, 0.0962, 0.1229, 0.1052, 0.0787, 0.0615, 0.0878, 0.0729,
0.0746, 0.0952, 0.0998, 0.0651, 0.0936, 0.1079, 0.1221, 0.1427, 0.1222,
0.1002, 0.084, 0.0915, 0.1392, 0.1126, 0.1192)
ki_host_per <- 
c(0.1463, 0.1281, 0.1145, 0.1336, 0.1006, 0.0804,
0.0948, 0.1215, 0.1281, 0.1245, 0.1011, 0.128, 0.108, 0.121, 0.1071,
0.113, 0.1052, 0.1268, 0.0973, 0.1254, 0.1447, 0.1078, 0.1416, 0.1113,
0.1448, 0.0868, 0.1048, 0.0983, 0.1088, 0.0974, 0.1383, 0.0834, 0.0681,
0.1113, 0.144, 0.1489, 0.1785, 0.1123, 0.1516, 0.1394, 0.104, 0.1339,
0.1947, 0.1381, 0.1214)
counts_thy <- 
c(153639, 89375, 72397, 79910, 16902, 31331, 43268,
157079, 82896, 22877, 85757, 41404, 111118, 29405, 25708, 34344, 77421,
45646, 28693, 9677, 48637, 51131, 64968, 12237, 25412, 47539, 32710,
17759, 23223, 46828, 16284, 27801, 21147, 12407, 14459, 48362, 64200,
41054, 15512, 26943, 23565, 20430, 28981, 18612)
Nfd_thy <- 
c(0.2439, 0.1461, 1e-04, 1e-04, 0.1714, 0.7799, 0.5886,
0.7875, 0.5255, 0.7856, 0.7244, 0.8082, 0.6284, 0.7942, 0.7603, 0.5356,
0.7206, 0.8143, 0.8039, 0.8477, 0.8606, 0.6986, 0.7901, 0.9261, 0.9521,
0.912, 0.8221, 0.6884, 0.8145, 0.8431, 0.8995, 0.8467, 0.6918, 0.7485,
0.7429, 0.9037, 0.7682, 0.7512)
ki_donor_thy <- 
c(0.0643, 0.143, 0.0986, 0.0694, 0.04, 0.126, 0.0577,
0.0824, 0.0563, 0.069, 0.0702, 0.0886, 0.101, 0.0952, 0.0725, 0.135,
0.0938, 0.0797, 0.0806, 0.117, 0.0786, 0.0584, 0.0623, 0.0673, 0.115,
0.133, 0.0672, 0.0618, 0.0649, 0.0885, 0.113, 0.175, 0.0847, 0.127,
0.0776, 0.114, 0.108, 0.123, 0.0986)
ki_host_thy <- 
c(0.13, 0.159, 0.239, 0.26, 0.141, 0.118, 0.115, 0.132,
0.236, 0.119, 0.101, 0.186, 0.122, 0.153, 0.171, 0.193, 0.119, 0.275,
0.159, 0.175, 0.202, 0.144, 0.209, 0.202, 0.162, 0.11, 0.104, 0.209,
0.108, 0.108, 0.311, 0.197, 0.0941, 0.195, 0.136, 0.129, 0.198, 0.105,
0.123, 0.139, 0.105, 0.154, 0.17, 0.171, 0.0921)
ts_pred1 <- 
c(66, 66.4250859092458, 66.8529096674345,
67.2834889082179, 67.7168413788206, 68.1529849407716, 68.5919375706407,
69.0337173607792, 69.4783425200659, 69.9258313746572, 70.376202368743,
70.8294740653063, 71.2856651468889, 71.7447944163609, 72.2068807976962,
72.6719433367521, 73.1400012020545, 73.6110736855879, 74.0851802035909,
74.5623402973557, 75.0425736340343, 75.525900007449, 76.0123393389076,
76.5019116780254, 76.994637203551, 77.4905362241983, 77.9896291794832,
78.4919366405665, 78.9974793111016, 79.5062780280876, 80.0183537627288,
80.5337276212981, 81.0524208460079, 81.5744548158851, 82.0998510476524,
82.6286311966149, 83.1608170575535, 83.6964305656221, 84.2354937972526,
84.7780289710643, 85.3240584487798, 85.873604736147, 86.4266904838664,
86.9833384885245, 87.5435716935339, 88.1074131900789, 88.6748862180667,
89.2460141670859, 89.8208205773704, 90.3993291407693, 90.981563701724,
91.5675482582505, 92.1573069629286, 92.750864123898, 93.3482442058591,
93.9494718310825, 94.554571780423, 95.1635689943415, 95.7764885739329,
96.3933557819604, 97.0141960438971, 97.6390349489738, 98.2678982512339,
98.9008118705944, 99.5378018939149, 100.178894576072, 100.824116341044,
101.473493782994, 102.127053667374, 102.784822932023, 103.446828688276,
104.113098222087, 104.78365899515, 105.458538646029, 106.137764991303,
106.821366026707, 107.509369928288, 108.201805053566, 108.898699942706,
109.600083319688, 110.305984093497, 111.016431359309, 111.731454399697,
112.451082685831, 113.175345878697, 113.904273830319, 114.637896584988,
115.376244380501, 116.119347649408, 116.867237020265, 117.619943318898,
118.377497569673, 119.139930996774, 119.907275025489, 120.679561283511,
121.456821602231, 122.239088018063, 123.026392773753, 123.818768319714,
124.616247315364, 125.418862630468, 126.226647346495, 127.039634757985,
127.857858373915, 128.681351919083, 129.510149335499, 130.344284783785,
131.183792644577, 132.02870751995, 132.879064234839, 133.734897838475,
134.596243605832, 135.463137039078, 136.335613869041, 137.213710056679,
138.097461794564, 138.986905508374, 139.882077858394, 140.783015741024,
141.689756290306, 142.60233687945, 143.520795122374, 144.445168875257,
145.375496238097, 146.311815556286, 147.254165422182, 148.202584676708,
149.157112410948, 150.117787967761, 151.084650943401, 152.057741189149,
153.037098812956, 154.022764181096, 155.01477791983, 156.013180917081,
157.018014324118, 158.029319557254, 159.047138299549, 160.071512502534,
161.102484387935, 162.140096449417, 163.184391454332, 164.235412445484,
165.293202742905, 166.357805945634, 167.42926593352, 168.507626869031,
169.592933199068, 170.685229656804, 171.784561263524, 172.89097333048,
174.004511460761, 175.125221551172, 176.253149794126, 177.388342679545,
178.53084699678, 179.680709836539, 180.837978592823, 182.002700964888,
183.174924959204, 184.354698891436, 185.542071388436, 186.737091390246,
187.939808152118, 189.150271246539, 190.368530565281, 191.594636321449,
192.82863905156, 194.070589617618, 195.320539209216, 196.578539345642,
197.844641878005, 199.11889899137, 200.401363206912, 201.692087384077,
202.991124722764, 204.298528765515, 205.614353399725, 206.93865285986,
208.271481729694, 209.612894944558, 210.962947793605, 212.32169592209,
213.689195333661, 215.065502392667, 216.450673826485, 217.844766727854,
219.247838557232, 220.65994714516, 222.08115069465, 223.51150778358,
224.951077367111, 226.399918780117, 227.85809173963, 229.325656347298,
230.802673091871, 232.289202851683, 233.78530689717, 235.291046893393,
236.806484902575, 238.331683386668, 239.866705209918, 241.411613641462,
242.966472357936, 244.531345446095, 246.106297405459, 247.69139315097,
249.286698015666, 250.892277753376, 252.508198541429, 254.134526983384,
255.771330111769, 257.418675390854, 259.07663071942, 260.745264433567,
262.424645309525, 264.114842566493, 265.815925869488, 267.527965332219,
269.251031519975, 270.985195452536, 272.730528607098, 274.48710292122,
