numObs1 <- 44
numObs2 <- 36
numObs3 <- 37
numObs4 <- 45
n_solve <- 33
n_shards <- 33
solve_time <- 
c(66, 75, 78, 87, 90, 91, 92, 98, 101, 102, 112, 116, 122,
133, 137, 149, 155, 174, 177, 192, 202, 207, 235, 266, 273, 282, 302, 305,
319, 330, 347, 382, 442)
dpBMT <- 
c(21, 21, 33, 33, 11, 21, 47, 26, 47, 26, 40, 40, 56, 82, 61, 82,
89, 56, 89, 152, 56, 89, 89, 201, 152, 224, 224, 224, 201, 264, 201, 264,
264)
ageAtBMT <- 
c(45, 54, 45, 54, 79, 70, 45, 72, 54, 76, 72, 76, 66, 51, 76,
67, 66, 118, 88, 40, 146, 118, 146, 65, 121, 58, 78, 81, 118, 66, 146, 118,
178)
time_index_counts <- 
c(1, 2, 3, 4, 5, 5, 5, 6, 7, 8, 9, 10, 10, 11, 11, 12,
12, 13, 14, 14, 15, 15, 15, 16, 17, 18, 19, 20, 20, 21, 22, 23, 24, 24, 25,
26, 27, 28, 29, 30, 30, 31, 32, 33)
time_index_chi <- 
c(1, 2, 6, 7, 8, 9, 10, 11, 11, 12, 12, 13, 14, 14, 15,
15, 15, 16, 17, 18, 19, 20, 20, 21, 22, 24, 24, 25, 26, 28, 29, 30, 30, 31,
32, 33)
time_index_donorki <- 
c(3, 4, 6, 7, 8, 9, 10, 10, 11, 11, 12, 12, 13, 14,
14, 15, 15, 15, 16, 17, 18, 19, 20, 20, 21, 22, 24, 24, 25, 26, 28, 29, 30,
30, 31, 32, 33)
time_index_hostki <- 
c(1, 2, 3, 4, 5, 5, 5, 6, 7, 8, 8, 9, 10, 10, 11, 11,
12, 12, 13, 14, 14, 15, 15, 15, 16, 17, 18, 19, 20, 20, 21, 22, 23, 24, 24,
25, 26, 27, 28, 29, 30, 30, 31, 32, 33)
counts_per <- 
c(1195568, 1598298, 1667121, 1324762, 837315, 1090185,
900410, 1777946, 2013021, 877453, 2024074, 1181283, 1867095, 1222819,
1235283, 1267426, 2064284, 1532983, 1585965, 1225419, 1904831, 1957207,
2318103, 846171, 913756, 1334425, 1102429, 862501, 1202613, 946978, 596770,
1421436, 669470, 381998, 684431, 1132984, 1175511, 1333519, 892078, 1144609,
721225, 556647, 869204, 414596)
Nfd_per <- 
c(0.0067, 0.0015, 0.0037, 0.3796, 0.0393, 0.3924, 0.0392,
0.2316, 0.1984, 0.2666, 0.3443, 0.3476, 0.62, 0.579, 0.362, 0.518, 0.5321,
0.6133, 0.6459, 0.3852, 0.6291, 0.7286, 0.6655, 0.617, 0.5918, 0.6049,
0.7008, 0.7145, 0.8023, 0.8017, 0.6936, 0.7027, 0.7464, 0.8172, 0.6897,
0.6655)
ki_donor_per <- 
c(0.0682, 0.0791, 0.1174, 0.085, 0.0651, 0.0813, 0.0615,
0.0583, 0.0809, 0.0834, 0.0903, 0.1026, 0.0834, 0.081, 0.0747, 0.0962,
0.1229, 0.1052, 0.0787, 0.0615, 0.0878, 0.0729, 0.0746, 0.0952, 0.0998,
0.0651, 0.0936, 0.1079, 0.1221, 0.1427, 0.1222, 0.1002, 0.084, 0.0915,
0.1392, 0.1126, 0.1192)
ki_host_per <- 
c(0.1463, 0.1281, 0.1145, 0.1336, 0.1006, 0.0804, 0.0948,
0.1215, 0.1281, 0.1245, 0.1011, 0.128, 0.108, 0.121, 0.1071, 0.113, 0.1052,
0.1268, 0.0973, 0.1254, 0.1447, 0.1078, 0.1416, 0.1113, 0.1448, 0.0868,
0.1048, 0.0983, 0.1088, 0.0974, 0.1383, 0.0834, 0.0681, 0.1113, 0.144,
0.1489, 0.1785, 0.1123, 0.1516, 0.1394, 0.104, 0.1339, 0.1947, 0.1381,
0.1214)
counts_thy <- 
c(153639, 89375, 72397, 79910, 16902, 31331, 43268, 157079,
82896, 22877, 85757, 41404, 111118, 29405, 25708, 34344, 77421, 45646,
28693, 9677, 48637, 51131, 64968, 12237, 25412, 47539, 32710, 17759, 23223,
46828, 16284, 27801, 21147, 12407, 14459, 48362, 64200, 41054, 15512, 26943,
23565, 20430, 28981, 18612)
Nfd_thy <- 
c(0.0067, 0.0015, 0.0037, 0.3796, 0.0393, 0.3924, 0.0392,
0.2316, 0.1984, 0.2666, 0.3443, 0.3476, 0.62, 0.579, 0.362, 0.518, 0.5321,
0.6133, 0.6459, 0.3852, 0.6291, 0.7286, 0.6655, 0.617, 0.5918, 0.6049,
0.7008, 0.7145, 0.8023, 0.8017, 0.6936, 0.7027, 0.7464, 0.8172, 0.6897,
0.6655)
ki_donor_thy <- 
c(0.0986, 0.0694, 0.04, 0.126, 0.0577, 0.0824, 0.0563,
0.069, 0.0702, 0.0886, 0.101, 0.0952, 0.0725, 0.135, 0.0938, 0.0797, 0.0806,
0.117, 0.0786, 0.0584, 0.0623, 0.0673, 0.115, 0.133, 0.0672, 0.0618, 0.0649,
0.0885, 0.113, 0.175, 0.0847, 0.127, 0.0776, 0.114, 0.108, 0.123, 0.0986)
ki_host_thy <- 
c(0.13, 0.159, 0.239, 0.26, 0.141, 0.118, 0.115, 0.132,
0.236, 0.119, 0.101, 0.186, 0.122, 0.153, 0.171, 0.193, 0.119, 0.275, 0.159,
0.175, 0.202, 0.144, 0.209, 0.202, 0.162, 0.11, 0.104, 0.209, 0.108, 0.108,
0.311, 0.197, 0.0941, 0.195, 0.136, 0.129, 0.198, 0.105, 0.123, 0.139,
0.105, 0.154, 0.17, 0.171, 0.0921)
ts_pred1 <- 
c(66, 66.2451757787301, 66.4912623326493, 66.7382630450911,
66.9861813119574, 67.2350205417652, 67.4847841556934, 67.7354755876299,
67.9870982842186, 68.239655704907, 68.4931513219937, 68.7475886206763,
69.0029710990989, 69.2593022684006, 69.5165856527637, 69.7748247894618,
70.034023228909, 70.2941845347083, 70.5553122837006, 70.8174100660143,
71.0804814851141, 71.3445301578508, 71.6095597145112, 71.8755737988677,
72.1425760682285, 72.410570193488, 72.679559859177, 72.9495487635139,
73.2205406184549, 73.4925391497454, 73.7655480969711, 74.0395712136094,
74.3146122670812, 74.5906750388026, 74.8677633242366, 75.1458809329457,
75.4250316886441, 75.7052194292503, 75.9864480069397, 76.2687212881979,
76.5520431538734, 76.8364174992315, 77.1218482340073, 77.40833928246,
77.6958945834265, 77.9845180903753, 78.2742137714617, 78.5649856095815,
78.8568376024262, 79.1497737625378, 79.4437981173643, 79.7389147093143,
80.0351275958136, 80.3324408493601, 80.6308585575803, 80.9303848232854,
81.2310237645274, 81.5327795146564, 81.8356562223767, 82.1396580518041,
82.4447891825235, 82.7510538096457, 83.0584561438657, 83.3670004115201,
83.6766908546457, 83.9875317310374, 84.2995273143067, 84.6126818939411,
84.9269997753622, 85.2424852799855, 85.5591427452795, 85.8769765248258,
86.1959909883783, 86.5161905219236, 86.8375795277415, 87.160162424465,
87.4839436471417, 87.8089276472943, 88.1351188929819, 88.4625218688616,
88.7911410762499, 89.1209810331848, 89.4520462744879, 89.7843413518266,
90.1178708337766, 90.4526393058853, 90.788651370734, 91.1259116480019,
91.464424774529, 91.8041954043805, 92.1452282089102, 92.4875278768251,
92.8310991142497, 93.1759466447908, 93.5220752096022, 93.8694895674503,
94.2181944947791, 94.5681947857761, 94.9194952524383, 95.2721007246381,
95.6260160501898, 95.9812460949166, 96.3377957427167, 96.6956698956314,
97.0548734739115, 97.4154114160861, 97.7772886790294, 98.1405102380293,
98.5050810868563, 98.8710062378312, 99.2382907218947, 99.6069395886764,
99.9769579065639, 100.348350762773, 100.721123263418, 101.09528053358,
101.470827717379, 101.847769978046, 102.22611249799, 102.605860478872,
102.987019141678, 103.369593726786, 103.753589494044, 104.139011722835,
104.525865712158, 104.914156780695, 105.303890266885, 105.695071528998,
106.087705945211, 106.481798913678, 106.877355852606, 107.27438220033,
107.672883415387, 108.072864976591, 108.47433238311, 108.877291154538,
109.281746830975, 109.6877049731, 110.095171162251, 110.504151000495,
110.914650110714, 111.326674136676, 111.740228743113, 112.155319615804,
112.571952461645, 112.990133008736, 113.409867006451, 113.831160225527,
114.254018458134, 114.67844751796, 115.10445324029, 115.532041482085,
115.961218122065, 116.391989060785, 116.824360220724, 117.258337546356,
117.693927004243, 118.131134583108, 118.569966293921, 119.010428169984,
119.452526267008, 119.896266663202, 120.341655459353, 120.788698778912,
121.237402768078, 121.687773595879, 122.139817454262, 122.593540558176,
123.048949145655, 123.506049477908, 123.964847839403, 124.425350537951,
124.887563904798, 125.351494294708, 125.817148086052, 126.284531680895,
126.753651505083, 127.224514008335, 127.697125664328, 128.171492970788,
128.647622449578, 129.125520646788, 129.605194132826, 130.086649502507,
130.569893375146, 131.054932394646, 131.541773229589, 132.030422573334,
132.520887144098, 133.013173685061, 133.507288964449, 134.003239775631,
134.501032937212, 135.000675293127, 135.502173712735, 136.005535090911,
136.510766348146, 137.017874430638, 137.526866310388, 138.037748985296,
138.55052947926, 139.065214842268, 139.581812150499, 140.100328506417,
140.62077103887, 141.143146903189, 141.667463281286, 142.193727381752,
142.721946439954, 143.25212771814, 143.784278505535, 144.31840611844,
144.854517900337, 145.392621221985, 145.932723481526, 146.474832104584,
147.018954544366, 147.565098281767, 148.113270825474, 148.663479712063,
149.215732506111, 149.770036800292, 150.326400215488, 150.88483040089,
151.445335034104, 152.007921821256, 152.572598497099, 153.139372825121,
